4 0.21875 0.8473557692307693 0.056490384615384616 0.09254807692307693
4 0.15745192307692307 0.8137019230769231 0.03245192307692308 0.08653846153846154
4 0.20793269230769232 0.5168269230769231 0.10336538461538461 0.1971153846153846
4 0.2127403846153846 0.3317307692307692 0.0733173076923077 0.07451923076923077
4 0.22716346153846154 0.22235576923076922 0.038461538461538464 0.06129807692307692
4 0.1935096153846154 0.13701923076923078 0.025240384615384616 0.040865384615384616
4 0.15745192307692307 0.20432692307692307 0.027644230769230768 0.07211538461538461
4 0.1971153846153846 0.056490384615384616 0.10576923076923077 0.10817307692307693
4 0.22716346153846154 0.671875 0.02403846153846154 0.10817307692307693
4 0.2283653846153846 0.9567307692307693 0.03245192307692308 0.04326923076923077
4 0.15985576923076922 0.9783653846153846 0.026442307692307692 0.04326923076923077