4 0.78125 0.15264423076923078 0.056490384615384616 0.09254807692307693
4 0.8425480769230769 0.18629807692307693 0.03245192307692308 0.08653846153846154
4 0.7920673076923077 0.4831730769230769 0.10336538461538461 0.1971153846153846
4 0.7872596153846154 0.6682692307692307 0.0733173076923077 0.07451923076923077
4 0.7728365384615384 0.7776442307692307 0.038461538461538464 0.06129807692307692
4 0.8064903846153846 0.8629807692307693 0.025240384615384616 0.040865384615384616
4 0.8425480769230769 0.7956730769230769 0.027644230769230768 0.07211538461538461
4 0.8028846153846154 0.9435096153846154 0.10576923076923077 0.10817307692307693
4 0.7728365384615384 0.328125 0.02403846153846154 0.10817307692307693
4 0.7716346153846154 0.04326923076923077 0.03245192307692308 0.04326923076923077
4 0.8401442307692307 0.021634615384615384 0.026442307692307692 0.04326923076923077